4251 7893
7036 2611
6418 1629
624 8839
7694 4992
7550 7555
673 5200
6759 5388
3202 127
4612 8928
6432 9340
1075 2017
7819 4492
4693 2032
4711 5710
7776 9705
1101 3004
3615 553
6691 3674
4481 9040
5601 6175
7060 2484
7558 2537
3873 5397
183 1282
8454 5580
3005 2384
4211 8319
8204 3580
2278 92
3772 6955
1469 9971
1494 9149
5266 8340
4426 7268
9479 5769
6841 8293
3116 2583
3908 6491
7891 2777
9444 317
9373 5608
1350 7352
6388 7631
5200 6442
7876 9747
6021 6684
6424 7351
5448 2019
3264 9012
2724 8172
5547 7286
2025 1490
1324 8783
9510 5120
9279 6133
1780 5994
2975 7138
9929 7523
9642 531
8890 6111
9568 6599
5739 955
4581 7804
6850 4410
3689 3817
469 5692
8559 8462
5438 3403
6980 7887
4005 6756
442 6225
3410 8011
8835 1241
680 2151
2691 5604
9857 7523
6224 1884
2178 1449
7286 8353
2542 8051
202 6777
9997 451
6805 8147
212 6816
1671 891
3909 9374
4268 8797
2734 9217
2466 9216
8420 9261
2943 9641
1219 3641
3002 8562
9809 5217
2154 9386
2147 5778
6353 8783
4464 6121
7126 9318
1717 861
9283 2634
2806 2849
2407 5211
4369 7618
7213 1182
7730 4662
4376 6205
140 1513
2646 7492
8591 4049
6331 1435
7171 1731
6911 511
6660 9259
6015 3221
5946 1023
730 8706
6618 7897
1904 7179
3877 8434
4380 6113
1475 3477
5816 7571
789 5062
4683 890
1337 4509
4412 6771
9943 7568
6601 8590
3555 7655
9722 4862
3994 7776
39 3211
4553 4571
8185 2112
9451 4395
7282 8562
5768 9010
2131 2178
7512 7119
1168 351
7297 9377
6296 82
2364 9719
1790 118
8802 5148
3646 9019
3107 3943
599 1478
2494 2661
624 4499
6090 3945
3891 8561
2470 9739
6088 5941
889 6037
2158 3117
5270 1621
4032 7635
5602 6848
3706 270
1593 3528
1940 3945
815 7491
703 8885
1968 4438
8734 7321
19 7063
8505 1942
8112 6934
8537 2318
914 848
5120 4903
387 7605
4335 5164
2062 8106
3637 4715
2619 7249
7052 6930
2772 6008
1284 7765
9702 5734
5785 8230
423 1434
3945 8541
25 2891
2476 4750
6852 5544
7689 832
2816 3541
5582 3958
402 3116
867 3510
3709 5900
6502 5293
6366 3005
3246 4386
5854 213
1169 492
2456 928
5456 7640
4655 4225
8888 8649
416 9957
6214 1725
3185 9652
8233 9162
9617 6121
9109 8195
7384 5832
654 7335
3999 3351
6002 6825
1693 2614
9725 973
831 6782
7174 6092
4932 8981
8384 6316
4270 6037
2941 8551
3288 5653
8235 5970
9381 387
7979 4088
7011 1810
5594 5998
3997 3114
7995 3223
4779 6599
7033 189
7906 2203
8170 6460
8406 6153
4881 542
8610 7543
2867 4162
5020 6027
1968 4516
370 8269
7812 6342
5974 6190
6213 2464
7009 3801
2742 2958
222 147
7117 1286
2995 5078
1098 7282
4328 1263
8746 4903
8779 5940
9613 9692
1246 4697
5983 2762
8263 8455
5561 713
3102 9200
2776 1357
9789 2336
2955 1292
1890 6788
1271 1534
9812 4998
2245 9924
1137 5488
3071 9132
2155 9046
954 3668
2800 8774
6277 7607
8580 2063
7491 1388
756 3131
8148 4101
5866 764
2599 3867
6700 511
2939 2523
2513 1972
6865 8107
2733 4108
3090 9843
3126 4481
3861 4536
3816 6391
4237 2003
5274 8165
4107 4622
2848 6681
9540 5853
9853 1830
1511 1573
3106 8549
3093 1689
7207 208
9884 9790
2206 2389
9091 9591
3441 5463
6900 391
4162 118
7890 9943
9899 7662
6445 922
7868 3306
6636 9169
8468 8893
7386 4684
2874 1344
3281 1809
5827 7960
72 9972
5625 1191
2598 4748
6225 3211
7612 8224
2839 5135
9164 1059
9400 7074
7962 8494
9595 8481
645 6445
6301 7488
1032 173
8513 2381
1932 1385
4781 7004
6029 6736
6415 8423
3025 8951
2868 4193
9765 6085
2335 1414
5709 211
926 4288
1390 738
5608 8433
9034 7527
9470 7990
420 1410
9964 4354
7175 4459
5018 8445
648 9787
1532 5391
101 4876
4642 9549
8945 3246
4513 3394
4367 616
1294 3527
3575 5757
1818 8969
9898 4396
9602 189
6851 3007
8336 4360
3267 113
185 7040
7515 1159
1849 9088
6225 7592
3326 9376
441 5469
4225 4928
9901 5098
2849 4207
5676 7799
7104 3459
9714 584
7759 2844
8504 5112
6925 8049
4265 9979
2725 8545
2151 1251
505 2705
2003 9628
2229 266
8783 2875
2278 982
8338 88
3102 9317
3765 691
8000 9960
5377 7189
8551 4239
3960 6355
222 6486
7065 2826
7471 443
8427 7499
1957 6865
5171 8213
932 4806
1246 1597
4543 242
4228 7259
4110 2049
8180 927
3776 7505
3292 2345
132 9092
5623 7296
313 2647
8953 9802
2980 6172
5421 574
3345 2076
4861 9253
7329 3706
5435 4056
2746 5435
3985 1930
97 2764
23 2773
3777 4885
6404 4373
6196 7521
7658 7374
998 6518
4588 6041
112 5437
2229 651
2709 5534
9274 7799
3828 1552
4154 5455
5400 1422
1192 2446
8454 259
1593 8253
9299 6519
1124 2518
5923 2466
3609 948
4168 1946
4880 9233
4035 5544
4965 6370
9501 1396
6427 1508
3820 3044
1255 5297
1699 5870
5671 420
5542 492
3187 1575
6732 9304
6706 1611
720 6117
5896 4775
6171 3354
4196 6739
8699 2345
8400 2702
6789 4819
6726 9167
4481 799
1309 986
7403 2770
7271 4907
3232 6275
9584 2479
4152 9803
7917 9422
3984 5904
4389 7388
7763 5123
182 5407
825 2194
7927 6897
2268 3647
7985 1574
8824 4228
4695 7503
9770 6309
9744 7916
4728 3273
7231 4320
2855 4055
7888 1104
8849 1358
439 8280
2637 1687
1339 4115
1030 7259
1501 5821
5999 9672
7231 8200
1485 7435
6476 1233
2043 5417
7665 5357
5623 5186
5774 9808
1855 300
6149 9608