391 940
723 603
867 746
611 418
804 583
158 222
265 589
546 770
592 613
133 465
523 717
984 479
547 217
118 120
738 325
911 269
727 60
36 873
728 963
604 344
933 289
983 424
216 387
809 125
727 660
111 110
387 363
389 618
624 303
408 774
701 604
181 486
298 50
688 932
915 343
835 772
693 874
863 178
666 545
689 256
8 971
748 584
214 181
987 468
154 691
422 536
960 630
18 857
212 126
775 206
234 189
512 693
238 215
21 824
213 782
544 212
5 935
422 298
223 547
313 328
400 727
908 233
633 523
695 889
249 487
763 929
212 567
241 622
363 574
690 575
505 622
307 360
972 164
918 958
489 578
118 775
568 654
298 163
500 517
969 927
539 445
26 318
75 817
337 678
895 633
354 579
264 740
147 606
885 256
451 978
44 263
414 931
471 537
1000 926
451 513
339 12
671 411
554 394
372 900
90 559