3713 4286
3726 5129
743 9092
7900 5025
4552 3595
9630 3173
4286 9306
6222 1344
7419 5518
5725 5183
3229 2785
302 9749
4063 3332
1659 3106
2155 6828
3992 5611
8457 6822
5702 7132
9199 1110
7841 4423
5251 4588
7054 9934
785 8482
8127 5501
7463 5616
9079 1895
7689 6931
4343 8427
6869 7746
8633 6015
5213 8935
4157 8181
4489 3713
3533 4116
7144 353
2581 8925
9624 8739
3825 4022
4808 6978
3793 1031
2245 7063
6345 7548
9420 3
2599 1162
4395 3920
8180 4182
4119 6205
5333 9763
2339 6665
4515 4768
8564 1972
582 3832
6596 3347
5661 9623
2934 7228
3305 8976
5739 9368
9074 2445
9117 1724
1846 321
6401 6739
3038 5647
8596 6001
1331 7644
6804 384
5459 143
9474 5949
706 5417
9451 105
6079 5669
9213 1769
6999 142
6341 5610
5276 4590
3372 9396
6314 6539
4601 1772
6261 2382
7296 2846
4349 684
8437 6439
3254 6758
7950 5014
3006 4008
8054 5890
289 7419
5592 650
3062 8572
6736 1281
222 3298
3836 5862
3033 6600
7501 6916
8282 4412
4239 1889
5280 227
1258 6088
3846 9188
6085 525
8384 3304
5306 5604
234 2396
3648 1851
433 7314
2742 7679
2729 5815
953 7206
3611 5058
6692 4296
1899 2103
8265 3680
8880 3851
9219 5715
3205 2876
4200 1946
4365 1736
6082 1865
7789 7928
3325 8031
4280 2646
2261 2409
4800 861
5885 5725
4217 8902
2458 7213
2778 9018
443 3355
8495 6206
3619 1976
2807 9753
4046 9984
8657 6944
7669 3502
6965 7309
5062 7844
2591 7455
2587 8974
1412 7702
7235 1765
2994 3406
5126 1949
8114 4547
8845 9288
8326 1120
4008 5629
8394 8331
7168 5551
380 8028
8493 1680
595 4103
5979 1666
6520 192
9240 7567
1844 8266
4539 9062
4272 771
2129 4325
5228 1621
453 2719
3994 3398
2986 3162
7865 2290
4663 3082
851 9666
9936 6343
7952 4521
8081 1350
4193 1076
2133 3229
6578 1429
9715 2682
1742 6507
6263 4519
6790 888
9611 7098
3971 7690
1633 8579
4336 4673
1661 328
449 2967
5166 7610
210 859
4968 8676
6274 2385
9551 1635
7728 2703
6020 4153
5633 6369
9782 7138
7690 4069
4733 3333
1371 8097
6305 6382
262 6977
9568 6402
8854 4288
8528 5873
7870 3583
9389 4042
9493 4273
2492 21
3689 2014
2968 9458
2714 4205
9549 3900
5919 3475
9403 9840
711 5009
8557 5523
2076 2494
2405 7171
1215 7270
3372 9274
9357 835
1708 3272
1200 5828
5294 2572
6090 8251
481 3025
269 8197
2063 4790
1664 2049
5569 5278
7887 8840
7295 822
5678 5932
8731 8092
4760 349
7111 6984
3329 7241
3438 5214
6554 5671
1599 9902
168 9684
5362 4208
4452 2950
7270 4017
6648 4985
9120 5048
5898 4389
1316 681
5221 6045
905 8208
452 4086
3256 5596
6464 761
5744 65
1731 8697
1652 2095
1245 9182
9556 9905
857 9045
6715 5660
2552 7641
6031 4613
319 7302
2165 6026
1302 910
2825 7221
9136 2753
1017 8706
6817 93
2283 4922
7524 5946
3008 2709
6191 8521
4629 8278
5793 6519
7809 8083
1244 4591
9005 6826
7531 3416
4613 5389
2592 5598
8993 3977
8912 3614
8148 9711
4806 2619
1967 6536
9338 6741
993 3617
7653 9480
2924 7528
3819 7479
5360 729
1496 2811
7165 5963
7102 9967
8212 449
681 566
5351 3583
4878 4581
9614 6335
4305 1729
5031 4656
7638 3595
9750 2655
913 1248
6683 4992
3279 8932
6620 788
1461 1428
3259 1062
2304 6943
9392 1699
7202 5902
4837 4968
4857 8062
4771 5134
2193 2788
5846 9005
9187 905
2202 294
460 5020
1401 8506
5970 2519
7484 8236
7038 2286
7736 8094
5167 9326
4760 6079
671 6853
2808 3361
3082 2314
2421 84
2938 9094
8456 2437
3908 3371
8684 2264
5561 4763
8035 6800
8126 3503
8195 2965
9862 9908
9084 1218
4183 5462
5418 8870
4433 405
1875 1113
2147 6834
5908 7734
9930 8236
4785 6251
100 9368
2689 8329
8925 9082
1987 7216
944 1148
9731 1566
9575 8701
5505 9641
9830 5778
461 4828
3117 8727
7735 800
8422 9539
6485 3812
5109 6025
9883 3502
9191 8590
6272 2979
2837 3873
3355 3895
54 2604
3268 8826
7734 9749
3153 7077
1333 1210
5515 8370
8011 4036
7130 2770
9570 704
4879 8190
2489 6056
4166 6225
5218 9489
3274 9369
9529 8220
440 8451
4521 1650
6555 2742
343 5485
5299 1889
539 7804
9989 3696
4732 5057
2013 6625
4816 7665
1799 6788
8886 8918
8493 3960
7827 8133
4835 8000
5665 5102
238 2590
4164 4313
1133 70
1880 5554
40 9883
3006 3603
3882 2363
4334 5974
7368 5593
6583 3464
8025 5885
8755 1020
1696 1672
3761 4951
8787 2604
9540 2485
9477 8952
2119 4972
1969 2401
7993 1847
7998 3582
2369 3929
860 1124
4424 3940
5453 3119
7917 1548
5897 8518
2374 2586
6316 8219
2229 1039
1220 3397
900 5961
108 4512
4556 7487
9393 6773
2070 8099
9941 7256
9803 3195
8263 9836
2483 519
5701 1000
9762 2458
3664 9534
3096 5710
3354 5327
5498 5000
6089 4216
3641 3154
5482 501
322 5612
2778 9312
7726 4972
1416 2486
1656 7956
4292 1406
9108 5806
7952 6378
8473 1521
3496 6234
6169 312
640 2727
6179 7089
2405 8030
4640 6392
9583 5358
5198 8617
1190 2384
9151 9491
9406 9583
3711 8217
8181 2255
404 2770
132 8668
4917 1540
4594 7935
4794 1706
7433 9184
6276 634
3464 7307
3314 3457
1009 7195
6973 2267
2837 2311
5300 4271
1481 1861
6769 7966
9010 9809
9605 5665
9701 1002
8862 2737
3483 1341
7380 6465
7955 2714
4975 9436
1080 3187
6773 5911
2707 1969
9343 6262
771 8330
3558 5802
8904 680
8698 3777
5960 7831
8158 2842
1665 3348
8687 8280