-986 946
17 298
355 499
836 997
994 601
313 110
370 298
234 200
666 733
188 427
697 728
709 267
68 432
957 809
904 153
296 108
921 122
681 161
646 618
71 729
914 807
920 180
22 799
-789 576
308 315
907 923
970 171
597 28
289 969
-202 459
690 582
212 409
576 288
445 596
301 902
729 561
95 529
-509 44
-503 437
-747 864
363 77
224 351
27 768
195 154
261 580
-874 776
29 223
872 602
225 875
586 166
596 476
394 42
982 383
322 711
234 146
290 503
992 465
87 780
408 242
99 258
943 875
114 381
580 189
682 289
375 143
311 262
976 691
-756 645
984 382
91 931
-481 326
327 420
527 988
-710 94
654 981
978 707
35 803
-735 162
447 33
209 191
950 371
462 617
800 995
273 638
805 62
135 693
421 102
690 245
-732 903
199 988
615 792
315 784
640 53
151 350
33 10
181 433
651 896
-295 417
981 968
843 139