7741 5973
5591 9809
5444 125
4444 2504
9413 286
6920 7205
4844 369
3642 507
6213 5012
3486 835
5187 9412
9943 4509
8485 9074
7725 5656
3891 5828
5820 1138
84 2760
5861 8443
1718 6455
9236 1438
2315 1860
5707 6001
8798 4137
3378 127
4070 8944
5264 1749
497 8373
9396 136
4905 1527
2434 1877
9867 1510
3140 4053
904 989
732 9215
7327 4803
9078 5580
6457 3229
8949 4950
1707 5156
8415 9272
9882 4742
6107 5385
9403 604
680 8936
8737 6573
4064 3460
9970 7250
5040 5281
6796 988
8776 4716
3461 305
5957 7711
617 6601
5696 8526
9458 6227
8869 771
2473 4365
2739 7168
5122 6989
1421 8618
1851 9896
1257 2359
3463 5670
8832 9462
7864 7288
2711 5867
337 5156
2529 5564
4267 5020
2228 3953
5108 194
8539 3340
6266 4037
262 2239
5841 2532
9986 5004
9855 8401
9415 9877
6311 3299
2405 6987
5820 4557
4092 847
1039 9965
2120 4211
7470 8193
8287 9720
3930 3752
9495 1915
303 2596
4339 1071
6366 8042
7601 7880
4089 4409
80 3937
2590 5085
8279 4044
9195 1047
931 365
139 2597
813 6665
6102 885
3597 7428
4972 5924
2827 1234
7304 3782
4832 1124
1236 6516
7635 8994
9086 396
6006 614
4513 8568
4762 106
8824 3787
3580 1222
222 6676
663 6235
4984 7273
1038 4540
9457 6163
9032 4570
5476 1987
3942 4926
2399 1582
3600 784
6386 9027
4789 3497
859 9904
7625 6896
9307 5892
2835 3506
8224 6677
1354 109
641 2189
2555 2177
7057 2002
714 1339
8782 1724
9103 2543
1021 2412
3931 8785
189 513
7767 1690
4804 7602
6583 2713
1053 5863
9494 3415
4256 878
149 2452
2968 6726
9136 2237
2694 8100
271 4022
6629 8939
8095 4397
1188 3890
4329 9453
5901 5602
3662 3608
4681 1884
365 6655
9361 5002
3025 378
2145 6276
3007 2770
1219 4450
5154 9055
6122 4212
9579 9901
1520 7891
3955 1803
8155 1426
1591 9599
9901 876
6884 5637
8391 4724
4965 925
4382 6138
2353 4437
5715 2070
8713 8485
6101 639
690 4036
5591 5028
5502 3835
359 7165
7964 4889
9792 6971
2768 4946
7497 3798
4867 5117
1372 8915
7811 6890
5233 8212
9694 8882
557 2178
9324 39
702 4279
1505 516
8025 6455
8760 276
9260 9548
2311 6502
1111 1902
4754 1240
4505 9490
2721 3083
663 666
2835 6082
3069 9527
7727 2359
287 5981
6553 4116
5746 3454
3325 7357
204 6410
2197 6309
7754 2848
2273 9318
3587 7515
6580 9382
8375 282
9553 3092
4056 7919
3533 2656
7053 3315
6725 2496
6046 1763
3232 2175
6906 8302
5431 2765
9892 9986
4969 7562
24 3043
2408 9733
7528 5013
9439 4647
5484 9281
7175 4684
7523 9138
7644 1074
9414 9700
7927 1975
4305 3619
3688 9518
5928 2113
7518 1747
9276 297
2213 8363
8595 7064
1742 7314
6183 2836
8934 6686
5242 9846
5794 6974
2234 9578
4534 5547
7258 3419
3896 9685
6125 81
7099 2799
1876 6817
9083 6110
4300 9261
3784 8413
2458 2975
9739 3752
4163 8616
6447 3770
8132 5192
8272 9912
1835 3189
6901 1507
7357 9977
8720 4357
216 1363
9684 6815
6594 4360
3404 1018
2507 1976
9849 5641
4815 8865
5984 3893
4254 5779
780 3973
6691 8264
6944 4146
6652 7447
8569 6338
1273 7424
5099 1098
6568 2875
7601 2349
8923 6498
9075 8743
9689 1334
1903 153
6138 3438
2194 637
5687 5410
826 3243
4072 8273
9716 4359
8853 4412
5491 8872
2088 1530
1164 5421
3108 6623
117 1126
3317 4783
4587 8694
8894 5300
3972 5650
5578 7788
6451 9218
1616 7927
9536 2706
4018 4947
2961 4522
4957 4772
1848 6856
5283 7356
4459 5330
9376 7931
4578 9964
7262 7103
2508 9931
1815 8126
4914 7657
9222 2867
5115 6388
3632 4006
9703 8857
5882 6726
8209 8522
9981 6474
1598 1942
7186 5784
2680 6207
1196 1784
3843 5877
9778 7602
8667 5015
4107 1860
9281 6479
2374 7481
8672 8262
3249 1581
26 4283
6707 2745
6865 5677
7146 6118
9116 2258
1934 2332
5620 2600
214 6072
6320 5976
3403 8247
6329 700
154 6456
6606 9513
5214 2891
3994 7371
1354 4330
6009 5512
6972 5656
863 7452
3082 6387
5505 2554
421 8357
2701 3068
3564 732
1471 7052
4011 1182
2515 3281
8401 5208
9024 9843
1180 1224
2931 6994
1306 9890
9956 5498
4720 8289
7570 9473
9996 3598
1499 1262
1033 2590
3415 8809
785 2781
3290 4355
28 3701
8085 330
3834 3453
8436 408
947 2886
2193 2352
9560 3482
8447 3983
9650 1627
5972 903
3949 3093
869 9744
4206 5049
5384 7625
2621 1344
3210 3112
1493 8115
1882 3041
470 1796
7046 398
115 8840
5347 6339
914 2881
1723 4474
6531 8095
5315 452
9874 5744
872 8566
163 4248
4930 4990
7689 3761
5459 4167
8470 9115
2056 9527
1114 3018
5275 1154
3610 8430
4983 7760
4245 7206
2850 6540
8471 1223
1521 2785
8204 6030
1333 2666
8146 3145
9556 977
8655 667
2967 960
826 279
134 8356
5686 8286
7625 6302
262 5058
5201 5291
9364 7221
425 3739
6167 2739
6559 9321
2389 9867
5054 1563
8672 1889
4959 7548
8419 2088
6422 7766
1821 5325
1459 1376
8008 7350
8496 3718
8926 9801
3625 7103
6663 6551
8769 8364
8756 5164
3420 6126
4716 1563
235 1465
9871 9603
849 3460
6925 3040
816 3628
2451 6777
5814 8712
7956 3051
2173 1272
8560 9926
3081 4229
4344 2400
5259 6717
2976 2780
5141 6903
5893 2311
9446 8697
7228 1557
9822 3406
8086 6567
8898 5191
8028 4464
254 7652
1162 9179
5069 7939
2754 9745
8651 2094
9810 9400
5926 1906
5312 6195
3151 5372
4739 3061
3629 9934
6080 1532
7617 1173
2877 6977
3226 4190