9137 2079
1884 6027
6438 6504
5710 1704
3903 9227
3123 9631
7493 4004
5117 3998
4107 1590
2886 8904
4122 950
7448 5112
7896 3138
7098 5068
3215 4309
7328 9197
9458 6091
4058 1096
3589 6773
9240 7124
9158 3520
9285 2822
296 6883
4366 4014
3822 1224
2681 5330
2376 5326
5920 4339
3415 6636
1910 146
2640 2656
6324 8941
3082 422
8430 761
1922 3355
7497 8387
7125 6385
7261 8405
9321 5418
5867 6313
1273 8028
9123 7295
2114 9217
1028 3375
7856 7212
4825 9925
2088 4000
579 3242
705 1398
864 235
7230 9391
3457 5514
9528 9805
3249 3084
7520 2943
997 6573
5295 4769
708 173
4376 950
3818 8483
4735 1327
8219 7726
2330 3559
8990 7870
1093 5130
518 3679
1415 1187
8450 9643
9785 6043
5652 9566
4937 9699
8665 672
3127 4946
5632 7626
7419 3139
4538 1082
3985 238
5484 3624
3073 4838
4079 6751
2600 7196
4790 5760
1333 5724
7558 1212
4017 7257
1018 8047
589 2806
8926 7878
4366 8138
4885 9115
4742 8741
2826 2275
5372 2724
831 3346
3649 3988
3162 6561
8874 6045
3629 2351
4708 3219
4851 6715
7148 7066
490 6843
1682 1405
1143 332
1883 3114
2331 4901
709 7732
1286 8906
9729 1805
6876 8208
4780 8299
8331 9391
3832 6932
4958 262
5489 825
6235 6490
9457 2185
1814 2016
3125 5435
8893 9094
9082 6256
5224 9763
4013 2948
1548 9114
86 1896
7231 2026
9341 8716
6654 9859
2528 7980
4042 1190
4913 9589
5217 7677
9438 8432
4321 3644
9666 8895
5200 5124
5799 5280
2716 7695
4746 3130
8002 4985
6350 1405
7877 2399
4505 5084
9866 4773
4627 6072
9781 2926
2549 6219
9032 9606
3052 5734
955 2609
6313 8571
9861 8722
9617 8323
353 7816
255 8158
6163 6380
7155 3335
7393 7567
9812 7907
6345 2532
6791 7230
5233 9269
1135 3317
6545 8307
1686 4777
1931 5569
8787 1132
8713 3636
4614 3307
4696 2903
6191 1669
5467 5992
7025 2974
8868 3093
8291 5366
9511 4559
3208 8328
2808 7172
1948 6956
7804 3283
7089 6772
7433 2679
8135 6927
1954 2375
6959 9337
246 5870
6571 4096
3145 1476
4092 5424
9038 1060
7025 1652
2203 6627
8742 8795
8660 9183
4542 8606
799 2215
6725 1309
3837 9600
4011 1507
3183 2832
6882 5376
8405 2402
7793 1759
9510 771
6394 4137
2376 8030
3986 6034
1595 5319
8433 3183
267 7683
2659 3765
8119 2750
6723 2485
3000 1369
8069 2533
2567 1715
9272 2860
401 1423
2649 7836
756 3231
2999 9983
1959 9620
5912 703
4416 5780
6091 513
7290 585
1120 9146
4776 8012
8475 5467
8042 1287
2330 1710
3504 1327
1850 4374
626 9941
8598 2019
5625 6501
9323 6884
9882 7384
1770 7779
79 3449
798 4355
5307 7999
5274 312
2749 7960
9054 1397
9210 443
1159 7923
6427 25
313 1405
7894 8888
9730 6175
2644 3693
565 7097
8804 3299
4238 2089
2900 5770
4903 2435
3515 7386
6453 9244
4521 6674
9113 4228
6302 2483
9100 4164
8857 3414
8511 7392
2825 5686
10 2112
1310 8833
3037 7888
1016 9665
1287 9323
9974 6242
7944 9889
9477 2228
125 4508
3027 7401
9627 2943
9409 3791
4311 4455
2514 2663
7562 5227
5606 5137
349 4359
3500 3755
851 6783
7578 9618
3448 1529
6716 7979
2888 1157
3258 2578
7808 5795
7867 7051
545 5830
1739 5489
3331 6961
8660 3023
3197 3452
4062 7475
5303 5265
5394 4268
5396 1259
6690 3689
2078 5160
885 3035
9307 8008
7534 3713
4263 7374
5638 5730
2725 8627
9255 6616
4345 1553
4029 2079
7715 5731
3715 8866
2937 2037
1338 4470
5598 4264
4538 8241
1509 3828
1267 2163
8325 2224
2156 1852
183 3693
9356 2818
3027 7670
4984 6782
858 9680
5054 727
2271 6480
4680 6934
4543 449
7320 6407
2906 1499
6900 5405
3381 2421
4387 1618
4704 7468
4435 8359
6377 3528
3278 7406
7955 2817
3519 3716
9128 7013
1745 7581
7485 8105
2469 4454
241 6874
4335 5100
6863 6063
5242 3837
3 4314
7476 8653
4727 7467
6877 4259
9747 8363
119 2704
9013 233
798 5035
2625 5111
1790 7371
6887 8733
6852 471
2740 6109
2958 1277
2879 5664
1241 2951
8618 3069
8007 1450
1102 4497
6364 8526
2724 9764
9790 6176
2835 7640
1468 6461
6784 1205
1277 9211
860 6513
7337 585
6467 9559
2935 6065
2723 3639
583 1304
6426 1583
8170 1856
4118 1151
805 1093
4459 8404
8480 5846
2333 3678
6640 9426
820 292
4291 7836
6022 1353
3736 6140
2755 1398
1842 3257
3669 1943
5949 8969
9408 5004
4679 6729
2676 6195
5117 8691
2296 7108
8878 1753
4553 9753
9423 4729
9289 9388
7810 2167
9888 165
7432 938
6031 8458
2954 1720
2316 7394
5353 9436
8688 9582
8732 3429
8531 3671
8305 6233
4799 8323
7793 5894
1469 4568
6733 509
8990 4374
7733 6892
5641 5596
6434 8467
2487 103
2623 1939
3734 7139
8685 2054
272 7127
1756 3804
1387 9844
2218 4920
5105 6652
8326 3524
2235 4700
576 3910
3248 4623
7042 2040
7362 1328
2965 4950
9126 6561
2377 8626
4262 7421
216 5622
8212 4026
5143 7630
4083 1755
2408 4787
4102 7120
566 9348
7605 669
204 9643
6831 531
8486 4429
559 6454
5029 5294
2899 6459
9287 2828
7808 3473
6693 8467
9209 2193
1571 6243
1181 5770
4804 8845
8381 2147
3589 2725
8853 1572
5335 3391
7936 9403
6740 3907
4420 2451
6118 9174
8619 9162
2180 9170
3612 6675
9343 4039
7230 3886
8306 3362
6087 4659
3326 7720
9820 3086
6178 3330
4307 5471
2406 5486
4015 6806
1911 117
6866 3513
8043 9380
3565 1637
8220 7225
801 1979
803 7148
1526 7814
4143 1251
7434 1766
7961 3041
6685 7125
5500 8060