9644 7771
2966 2247
7066 8002
5623 5825
8745 2354
8512 3732
9930 7840
4798 1286
1407 2122
2261 8631
334 9001
3324 4939
9533 6775
12 5231
9439 8276
6337 1421
5769 5234
817 7296
752 7649
9952 4378
271 2201
441 9556
9660 4602
9787 8919
201 4556
7239 4261
5276 5910
3340 2140
4103 7571
9383 8095
5682 1494
1894 5884
1090 9134
2293 3928
840 489
5929 2880
7592 5913
4475 8873
2779 2345
3497 3156
7824 9961
7243 6258
5015 3841
1805 1794
2285 3526
9486 3245
476 2133
600 9045
3305 7510
8624 6303
1997 7425
2952 3820
3597 6316
4560 3992
5030 8766
3907 3942
2650 1545
5584 275
456 5438
9466 6811
3879 4157
3974 1232
5832 5755
7240 668
5069 5985
8723 3999
277 6752
6730 7179
8718 2565
3716 6941
512 3546
1807 1051
7317 1027
7100 5523
6974 6335
7276 9313
2370 4937
202 5844
6414 1934
3529 9054
3935 4034
2506 927
5268 3994
6529 3872
399 3057
8816 1470
7890 834
573 533
2264 9294
8973 4126
9273 7516
5900 7482
495 9060
6871 5026
3857 9737
8625 528
1978 4310
5844 7924
9576 4819
7722 2299
6512 6314
2701 728
7030 7475
9411 9400
8845 9419
9818 6245
2054 7864
5998 9388
7133 7825
1183 5831
449 8456
8227 5892
3143 8086
984 6723
4157 3140
4523 7103
4233 6267
847 2664
5149 4056
9656 1991
3651 2575
9193 7903
5349 1233
7288 6112
9405 589
3059 7813
1425 6486
3212 4879
6348 4667
8584 5948
8734 2358
4971 6544
852 382
4356 2731
9618 2384
2126 3268
9352 6474
9219 9396
7054 5600
547 5470
5012 88
3107 5199
1423 400
8178 3111
3094 9921
3060 5848
8530 536
3767 7982
5790 2907
7385 2508
8064 2630
5360 2341
4382 8765
7109 9235
4959 5876
9533 137
8768 3319
7364 9899
8177 2636
6790 7647
2401 3283
6113 1532
1774 5015
4601 683
2078 6229
2545 3931
8182 1977
5807 2607
1515 1868
4265 5020
8581 1268
418 5744
7375 1406
8604 8294
6691 4700
6361 8942
2551 6998
7389 3425
2765 3090
6925 8016
4981 2265
8121 64
1373 1310
6646 2238
2130 7850
8036 7228
657 5043
7241 3456
9823 2226
7643 5730
7934 4154
840 7836
1913 9391
9502 9752
8676 7741
157 6034
8564 903
5148 7005
9700 5390
5415 3992
9396 1727
9724 5283
3960 1588
4978 9540
339 6662
9469 7347
3829 6876
8701 3656
2024 6491
9685 625
5825 1153
2396 961
8690 9376
8189 1660
1660 4917
9740 4519
968 1185
3238 2221
9644 2251
6783 8923
1780 6168
947 6298
972 158
4195 4690
8255 8137
5022 6562
4978 617
6459 4104
1373 7162
354 3806
2430 9678
8912 2086
2577 2926
9773 751
8746 3972
7901 8461
7438 7134
5625 8450
6997 104
1657 4053
8940 9842
4455 4221
3085 3777
9591 8759
3504 4221
1118 2725
8046 8049
4505 5081
2376 7779
4580 6552
8516 1519
7602 2110
2417 3016
3355 8652
7024 986
190 1849
4951 4761
8020 8065
2602 2319
9200 6759
2996 1135
1416 8116
6868 3287
5364 9755
3799 3892
2297 6522
3676 576
8500 1192
1799 8622
9523 6061
7639 1461
2792 3582
3193 6892
56 4956
3582 5079
8083 3012
794 8181
8964 4900
6824 3921
5799 8229
2812 4288
2433 2071
3665 2577
7886 7273
5615 1072
7936 8323
9262 7658
2666 8307
1854 225
9151 6170
9865 2153
5832 4018
8978 3963
9695 2424
23 6824
1321 6776
3091 1522
4085 9861
3002 8740
7125 8261
4931 5066
931 5599
261 3122
1021 5571
9962 9973
6230 2932
5507 4503
5954 5402
7691 2325
3693 2004
395 526
7925 352
747 4700
2988 6067
5256 3005
9846 2826
6405 1716
7869 7466
4922 4908
3488 9178
4218 4671
8938 7028
4151 5497
9727 5436
7450 1725
5366 6202
1073 4318
7270 7793
6453 173
8740 734
7603 8143
7986 4022
6751 4028
4260 9529
7677 6310
3450 2560
7256 8958
9567 8554
4717 2081
3484 2037
3633 3280
9217 297
8654 7238
160 2169
4649 8221
4175 7966
5129 1680
7593 6938
3839 9814
8152 9334
5160 8206
9262 6568
5105 5276
3482 6762
8250 3631
3717 170
7030 4076
9293 3016
2760 9284
5757 1399
9375 7764
5000 5138
7431 6057
1556 4107
6268 2943
4552 959
9721 310
8878 5880
3812 5555
476 4689
9169 512
4667 1546
4201 4507
6397 6040
9704 5019
3031 1138
7072 4029
9641 8506
1022 7964
7211 6020
3362 5788
3254 3619
5847 3626
2640 1840
6154 3076
1675 3176
474 6278
6712 8383
2734 1166
8332 1949
8312 4576
2388 349
5334 1993
5335 2674
8478 8193
8054 5280
1921 599
8746 2996
6043 9172
7762 6802
8681 9534
9449 824
2380 4997
6773 1346
3385 9439
35 5591
1201 7622
8344 4077
8423 6724
9257 8877
3868 6706
4923 9155
207 9497
4265 269
2382 8340
4361 7845
2358 2107
4323 4460
7098 8552
1477 3365
4116 4411
6065 251
8616 9398
290 8943
5558 502
5480 3162
1290 3941
8093 6735
8889 1597
8624 3761
4322 6638
6030 127
2534 5416
3432 5574
3239 2083
958 7808
1512 1501
1747 997
9954 4217
3326 5531
9526 2565
5370 4513
8656 6204
9305 124
4250 8997
6336 6777
435 9366
8164 348
8346 8309
612 4026
418 504
9402 2464
6313 8570
624 7788
7514 953
8772 6290
311 5017
2117 1488
8218 699
8176 5718
2071 5214
8155 4915
7603 8698
8361 7834
6525 2805
2156 8573
6607 2864
5441 8434
4029 2648
8366 5431
7139 8044
6648 3170
8728 1632
6001 8345
7498 8770
8780 3396
9546 466
4068 6672
5622 9082
2183 7447
437 6673
4723 6209
3736 49
571 6964
9864 2014
2893 5909
5205 8324
2391 7185
3384 1536
8465 7241
7253 4939
9076 7415
8400 4127
3408 9334
4479 5903
2683 9435
6892 3459
4142 9018
490 6101
276 1274