596 759
859 25
238 378
869 652
469 232
773 660
405 783
497 277
26 104
288 126
19 82
437 699
611 68
938 154
929 229
607 611
957 367
513 665
441 830
741 356
977 487
807 379
626 143
46 5
5 773
768 413
663 257
368 749
502 848
874 312
883 120
79 670
303 418
389 403
299 282
284 15
515 870
845 889
894 226
635 440
46 420
961 241
957 488
312 815
484 478
20 533
407 985
578 900
736 65
613 710
273 883
624 553
511 191
544 198
798 852
52 228
949 208
989 263
69 907
650 551
113 888
464 458
368 372
629 521
164 920
162 475
724 773
60 745
802 86
777 165
174 675
956 892
119 360
87 695
370 591
385 356
120 492
322 532
187 651
763 871
1000 529
519 796
787 91
736 133
466 330
375 238
757 137
140 256
177 854
305 67
884 548
222 679
623 677
279 740
235 48
515 710
936 408
552 728
62 454
914 598