227 627
969 721
770 764
439 540
957 15
454 169
158 605
912 832
848 237
549 672
503 619
350 647
181 410
213 590
382 111
949 913
905 749
518 747
537 323
715 443
587 562
369 838
943 108
954 333
404 839
269 424
968 326
287 661
474 833
389 559
184 828
940 312
844 368
676 15
232 212
697 588
94 578
65 96
716 838
380 709
449 570
783 57
982 772
169 650
527 383
47 347
153 196
736 771
909 114
922 529
183 291
196 570
173 23
568 855
2 200
484 884
933 48
503 833
387 721
941 147
903 454
1000 387
613 173
579 737
982 714
366 271
214 118
86 651
810 935
482 650
986 590
468 786
899 608
808 944
53 324
230 1000
296 165
521 896
676 969
329 385
339 434
11 211
393 369
217 420
552 163
863 537
877 621
892 978
912 177
267 50
881 160
573 323
696 921
584 961
703 687
129 857
482 929
236 394
265 607
474 141