989 19
761 776
285 515
985 851
433 715
708 845
156 538
166 837
735 965
330 101
665 821
373 253
597 96
211 138
590 8
425 26
989 726
672 365
544 200
923 186
694 412
475 136
826 209
174 617
326 604
716 83
114 229
844 999
283 588
802 826
518 399
789 227
879 732
895 629
46 486
573 181
876 126
31 640
44 615
60 89
873 662
415 163
72 680
84 759
405 164
605 350
799 576
320 380
57 814
116 400
436 13
768 605
532 721
351 591
770 424
732 53
698 266
64 656
528 92
940 79
867 820
987 483
32 784
844 493
374 607
399 957
742 914
645 169
195 693
262 661
8 248
256 897
807 707
79 763
885 67
387 190
784 38
304 81
515 81
978 133
91 707
247 898
431 827
452 112
841 234
165 921
86 186
85 983
974 792
680 13
924 130
521 19
356 359
90 11
317 596
707 276
513 569
838 999
884 12
761 571