893 801
15 580
911 583
423 358
618 784
219 601
602 984
383 343
985 340
958 723
519 97
838 894
412 790
561 557
137 33
613 681
223 103
428 923
608 260
109 631
83 419
367 578
143 239
690 731
273 624
785 742
720 674
650 500
437 614
596 601
895 55
941 936
532 240
329 870
563 567
757 753
259 932
693 912
502 191
995 878
407 79
428 590
189 215
62 557
699 828
599 62
81 499
788 800
164 833
317 395
969 402
471 896
641 614
622 492
837 522
138 562
577 457
508 720
891 968
632 42
454 129
64 345
443 834
619 425
998 130
8 293
476 784
603 479
656 174
657 371
397 291
586 25
363 826
73 480
830 19
37 680
416 138
607 529
476 228
406 292
169 293
505 408
706 443
181 7
235 979
649 658
783 581
189 157
944 942
214 924
641 965
550 977
964 852
328 515
565 523
931 264
341 190
88 532
70 847
630 431