783 402
590 558
634 205
496 391
386 79
264 439
597 124
676 135
605 238
707 547
445 864
221 775
205 694
183 662
112 317
899 873
905 178
710 695
232 60
858 418
621 950
470 262
377 649
886 978
535 479
691 41
325 540
476 952
999 937
114 48
735 947
760 614
349 346
314 828
78 200
914 985
892 686
737 284
865 218
688 67
200 368
720 736
54 374
986 466
34 256
376 706
905 374
359 896
277 549
495 944
387 771
234 701
967 279
609 498
282 323
71 633
21 984
566 91
363 548
34 74
973 526
143 630
133 573
959 337
901 958
692 108
506 766
133 877
829 331
371 747
217 762
540 711
950 696
440 78
532 91
693 823
326 768
358 493
98 783
411 845
984 552
675 569
521 829
649 74
912 130
141 379
527 677
815 335
550 453
688 857
540 606
282 540
372 487
511 957
855 798
583 499
484 95
763 187
283 272
734 445