299 100
151 25
8 420
895 63
185 276
116 304
708 72
706 878
800 554
647 629
533 656
715 809
676 335
520 413
499 489
521 239
92 272
916 877
182 904
515 755
845 680
773 821
871 919
689 961
787 776
602 131
141 793
620 643
193 194
300 212
126 975
383 214
596 787
496 483
673 630
820 903
311 841
928 57
935 44
310 909
906 806
943 763
696 854
271 710
183 120
91 491
363 568
964 415
888 897
549 162
779 611
820 994
661 832
130 694
447 340
170 172
24 563
113 384
166 555
74 654
874 861
253 530
307 846
533 410
851 476
907 360
701 805
163 454
744 279
615 935
433 369
463 846
534 752
669 888
398 364
165 634
732 54
690 24
437 688
936 971
618 96
551 323
301 241
435 425
416 943
474 368
431 629
998 827
991 278
697 274
906 103
422 913
346 665
995 69
897 830
124 180
142 292
159 829
686 524
406 91