514 330
399 899
622 111
506 327
223 584
463 252
336 459
413 393
178 992
126 504
71 367
832 325
925 531
631 150
875 912
168 286
260 698
637 272
168 526
317 465
79 844
92 924
371 427
787 509
396 616
815 24
938 135
318 911
846 817
279 832
34 443
586 100
312 285
593 822
440 368
597 199
882 206
643 601
434 614
430 139
99 505
201 290
70 163
740 854
267 1
137 174
155 552
449 688
535 364
468 440
257 363
340 905
678 76
116 669
786 387
708 820
811 238
531 53
547 681
362 364
799 731
268 167
158 707
260 781
644 916
325 810
126 295
336 788
590 775
273 434
265 550
45 772
30 971
19 412
483 336
66 202
153 367
658 753
375 460
123 366
440 953
27 519
637 393
651 813
521 281
977 143
999 905
730 132
669 409
894 140
245 225
280 220
610 255
133 358
187 1
205 940
377 278
544 939
539 384
63 776