956 641
567 475
637 717
664 208
456 521
681 58
52 296
-635 473
46 362
854 418
945 430
-625 600
238 542
765 431
657 570
716 795
819 573
485 55
391 887
-832 803
241 329
192 558
866 518
-582 740
-891 487
155 206
731 463
225 415
602 561
915 210
640 656
399 833
580 277
580 388
812 550
662 738
-324 597
696 150
977 897
95 741
757 917
522 40
829 781
24 966
179 600
140 859
980 251
88 428
-627 445
503 348
79 718
482 926
-140 811
228 810
290 730
751 654
886 724
391 5
-259 622
91 33
494 425
655 148
863 881
308 199
59 448
639 951
726 450
427 605
814 606
347 799
841 975
354 347
162 304
909 258
-157 341
-679 498
-244 997
60 329
495 784
-722 373
46 899
-138 204
300 927
212 19
-203 997
788 168
224 892
169 41
781 541
12 912
-935 696
-502 775
-364 702
790 244
257 26
136 765
-568 88
201 916
889 472
-70 672